310827022
474425716
409777670
16790
33725
54773
36088
33902
47651
32368
77204
117223
25690
38975
33041
44914
37460
49124
30481
18023
75352
26610
28488
26099
24791
97565
28639
77531
29398
48551
108739
38664
226063
32865
23836
101610
39364
89093
22176
33092
28166
44855
57908
58688
43930
29998
153870
31089
42644
32178
80016
74779
44758
58243
153003
40451
6000
74389
76832
33178
37424
30657
89935
26005
159596
47431
28988
59550
73687
65087
72607
81146
28386
247994
42558
39343
63112
65287
35353
64887
58287
51187
47514
51697
54225
44309
34869
31026
34771
32838
27855
39151
31771
32356
37180
32977
23399
23050
43925
24910
33551
46009
135003
54892
100673
45740
25422
47743
20492
33376
176793
26187
42405
53453
35047
56242
80973
80565
59996
26210
34064
29148
37057
28712
55932
32392
69087
31010
35528
39116
38183
27118
26206
24728
24875
62695
28382
30117
27404
38428
58150
25262
96511
41454
41885
79256
36602
121724
21231
44972
26130
55089
64787
67323
34254
30881
56630
91590
61606
33784
36065
37702
49711
37558
22981
81083
20915
66942
69422
38054
55314
29778
22737
183405
31843
79704
23556
53864
36988
30522
206929
300825
36273
84091
41698
30763
177013
59183
36033
41869
40214
30245
44880
28840
26846
34522
60698
32577
106838
21793
26961
31484
60555
50998
1000
16978
87083
39110
72394
21609
111218
25473
33707
39134
49431
37541
28197
34551
26378
23007
26282
55521
82317
63708
23721
35400
41950
68925
68715
54943
27993
76467
23564
20891
56407
27520
31844
59399
29310
69017
33329
37989
17873
39418
49097
54747
41920
55507
36950
68329
30720
42551
94915
32664
139228
60921
48568
38128
25618
52789
89305
26097
24579
22171
25920
26811
27383
28748
34514
72494
26244
27101
28028
43422
38290
30121
41839
36407
23305
38588
34325
29349
351526
24662
41221
45381
35371
49016
83431
22699
30483
58770
75816
29894
92064
50175
27714
66022
29663
28290
33619
58839
26684
32375
62982
56146
86258
36252
22727
48668
60757
322943
60477
28006
42849
29768
32134
22587
142259
37100
31313
33256
91821
32917
33692
44563
65530
23291
33596
4000
49275
37421
29341
48435
251237
47690
21135
58055
26518
34548
29171
20281
61640
31639
20503
24649
24544
32244
38549
24335
73820
37601
156082
29416
36589
24259
32716
21092
47932
54813
35821
189715
138289
35739
34955
27419
34049
69878
95131
26733
40330
45740
32024
26949
61509
28658
27174
36673
37978
22106
28771
59420
98894
27347
37119
43457
89693
38492
29936
38010
38553
25284
47008
26645
30664
42027
50336
43130
24223
44486
38703
28470
170970
37512
45535
33103
53982
196695
25803
35404
19100
15263
28858
28557
34731
11931
17897
15510
28155
19498
16632
9587
23129
15916
18718
19981
18778
36432
23515
114543
38223
23769
33328
23747
38051
21504
15923
15713
19559
12529
18998
28721
14574
16802
19557
26603
17307
27016
6681
38157
24552
13539
12074
17276
31013
19013
29276
31322
24766
26545
20903
11422
13626
19942
31658
14462
12717
26664
17768
22080
28510
15994
17031
17497
28182
22615
77872
45286
17456
21881
27210
27452
31958
18885
86475
13975
4409
74086
13647
10819
13924
62429
13266
15244
14837
92688
30332
46743
30809
31152
30436
74073
36558
53104
37940
30787
28665
94308
27319
39440
29378
52454
53778
60355
31417
31087
107000
35067
65799
24921
30048
39763
46377
33810
34076
32020
30663
28165
23173
28081
34180
22172
51001
21477
102390
19710
28043
68480
28204
29978
54415
26837
39066
47480
25282
70428
25989
29284
26261
28071
22213
76727
129596
53762
9180
43694
104686
27386
52575
33853
28463
63362
71963
32210
32179
66384
34868
28100
43692
127642
39974
64539
34006
133228
33513
235911
42908
30396
26091
23951
56628
32373
36764
104027
27285
40856
77862
38443
72177
31159
53289
29393
55569
63991
69440
131751
326068
143028
24812
79414
25118
27219
28470
31649
31841
129287
45675
38655
60958
24177
16706
42409
33619
36993
32711
33888
19087
107667
40741
39865
32625
172510
70238
50042
107032
55903
23824
24167
33777
43476
30137
91629
54004
26262
640510
25089
41831
68640
13752
26954
35946
58256
36310
43656
27489
70127
51567
144620
61952
27920
11245
33417
20409
22981
25717
25502
58952
45538
66704
24380
26088
61714
27827
59879
52173
21865
24957
49823
24976
38760
27349
29260
57548
32723
41186
29705
40658
30440
28111
40745
23212
26757
34196
87115
54835
40810
30718
30700
21104
65130
41031
35797
25937
40432
31076
28875
26688
26724
176234
28830
28957
20470
80719
46692
17031
146225
24948
40105
41746
58217
187149
69276
21437
33654
33314
35069
66095
27999
29383
50240
42643
59160
27412
45109
204549
25594
193134
40269
23386
39621
64527
31149
5373
52658
45864
31888
28984
55088
42798
23641
32986
29749
34961
23331
37096
41298
24289
31106
26826
22817
22291
24138
29683
42402
69021
67654
97849
44084
21927
27601
74969
100923
40827
49805
38190
40619
38581
33321
27168
20732
82223
106601
15174
300164
21220
32333
22870
39184
72663
428575
31494
78688
35731
74998
68768
6964
50519
42490
33144
32260
42113
31363
23722
170468
38288
29164
33210
36816
74357
31484
38616
20285
